55
6 0 s 23
6 20 r 14
12 21 r 23
42 6 r 16
10 10 s 7
40 13 s 15
8 9 r 21
27 8 s 25
4 2 s 17
10 25 g 4
50 24 g 8
46 4 r 7
35 0 s 23
42 22 r 16
47 7 r 18
8 1 r 21
43 6 r 22
36 21 r 13
14 25 g 33
6 22 r 14
13 21 r 17
30 8 s 25
44 9 s 16
50 10 s 7
5 15 r 24
12 18 r 23
47 2 r 18
16 10 s 7
42 7 s 31
6 21 r 14
10 12 s 10
13 6 r 17
44 2 s 17
6 18 r 14
23 10 s 7
44 18 s 18
15 10 s 7
43 18 r 22
47 21 r 18
45 5 r 2
49 9 r 20
52 24 g 8
25 9 r 24
43 1 r 22
13 9 r 17
10 19 s 12
41 6 r 15
43 17 r 22
47 0 r 18
48 15 r 19
43 21 r 22
13 20 r 17
48 7 r 19
12 15 r 23
31 24 g 48
12 7 r 23
6 9 r 14
22 25 g 40
6 6 r 14
34 6 r 10
34 20 r 10
43 2 r 22
20 8 s 25
0 29 g 13
46 5 r 7
42 13 r 16
47 9 r 18
50 23 g 6
32 24 g 49
22 19 s 12
36 22 r 13
6 2 r 14
25 21 r 24
6 15 s 24
50 11 s 9
16 23 g 35
47 20 r 18
0 19 s 12
4 21 s 20
48 9 r 19
52 19 s 12
48 13 r 19
12 9 r 23
12 2 r 23
48 6 r 19
41 17 s 32
18 24 g 8
43 20 r 22
24 29 g 42
52 12 s 10
0 12 s 10
39 0 s 23
7 8 s 25
35 22 r 11
36 13 r 13
34 0 s 23
18 10 s 7
14 8 s 25
40 20 s 51
23 29 g 41
24 8 s 25
12 17 r 23
10 11 s 9
44 21 s 20
41 13 r 15
39 21 r 9
5 18 r 24
13 15 r 17
5 2 r 24
8 7 r 21
49 1 r 20
24 24 g 8
37 13 r 8
35 6 r 11
8 0 r 21
47 1 r 18
50 14 s 11
25 22 r 24
10 29 g 13
33 18 s 18
49 17 r 20
39 22 r 9
41 9 r 15
0 28 g 2
5 9 r 24
30 10 s 7
25 6 r 24
42 2 r 16
50 8 s 5
41 15 r 15
40 21 s 20
43 22 r 22
27 23 g 6
26 0 s 23
39 20 r 9
27 10 s 7
22 8 s 25
32 8 s 25
10 14 s 11
50 29 g 13
54 4 r 3
0 23 g 6
16 29 g 13
0 25 g 4
16 24 g 8
20 23 g 38
14 19 s 12
41 21 r 15
38 20 r 12
10 26 g 28
15 23 g 34
16 19 s 12
48 1 r 19
8 13 r 21
33 22 s 21
14 24 g 8
40 9 s 16
4 9 s 16
47 15 r 18
47 22 r 18
45 4 r 2
4 13 s 15
42 20 r 16
14 29 g 13
21 8 s 25
52 8 s 5
13 7 s 31
49 0 r 20
49 7 r 20
27 29 g 13
14 23 g 6
36 15 s 24
13 0 r 17
38 22 r 12
20 29 g 13
27 19 s 12
42 15 r 16
25 13 r 24
52 11 s 9
34 21 r 10
13 2 r 17
41 20 r 15
39 2 r 9
38 21 r 12
37 22 r 8
43 9 r 22
48 0 r 19
47 13 r 18
48 18 r 19
38 18 r 12
12 0 r 23
5 21 r 24
41 22 r 15
21 29 g 13
5 17 r 24
49 18 r 20
42 21 r 16
37 21 r 8
4 18 s 18
10 24 g 8
10 8 s 5
24 10 s 7
34 2 r 10
50 25 g 4
47 17 r 18
41 0 r 15
52 26 g 54
5 6 r 24
49 15 r 20
25 18 r 24
10 23 g 6
5 0 r 24
0 26 g 1
38 9 r 12
8 20 r 21
8 6 r 21
22 10 s 7
18 29 g 13
0 3 s 3
35 18 r 11
52 3 s 3
37 15 s 24
53 5 r 4
30 24 g 47
50 12 s 10
34 13 r 10
25 1 r 24
30 19 s 12
43 15 r 22
35 15 s 24
34 9 r 10
37 20 r 8
6 13 r 14
48 20 r 19
49 22 r 20
2 5 a 0
25 20 r 24
52 29 g 13
26 6 s 43
50 19 s 12
25 17 r 24
41 1 s 30
34 22 r 10
8 17 r 21
12 13 r 23
8 21 r 21
52 25 g 4
51 4 r 5
27 25 g 44
39 6 r 9
7 19 s 12
19 4 r 6
49 13 r 20
10 3 s 3
16 8 s 25
11 8 s 29
37 18 r 8
35 13 r 11
33 13 s 15
8 15 r 21
4 20 s 19
41 2 r 15
48 17 r 19
5 13 r 24
35 9 r 11
1 5 r 1
21 23 g 39
48 21 r 19
38 15 s 24
13 1 s 30
40 2 s 17
38 0 s 23
28 4 s 45
50 3 s 3
36 2 r 13
37 9 r 8
13 17 s 32
37 6 r 8
14 10 s 7
32 19 s 12
25 0 r 24
54 5 r 3
49 21 r 20
31 8 s 25
25 15 r 24
0 10 s 7
31 10 s 7
17 10 s 7
29 20 s 46
7 10 s 7
20 10 s 7
38 6 r 12
5 22 r 24
20 19 s 12
49 6 r 20
44 13 s 15
18 23 g 37
0 24 g 8
20 24 g 8
47 6 r 18
43 7 r 22
24 19 s 12
21 10 s 7
36 9 r 13
8 2 r 21
39 15 s 24
12 1 r 23
8 18 r 21
49 20 r 20
17 23 g 36
3 10 s 14
18 8 s 25
37 0 s 23
31 19 s 12
42 0 r 16
17 29 g 13
23 19 s 12
36 6 r 13
0 8 s 5
19 5 r 6
23 24 g 8
43 13 r 22
26 15 s 24
5 16 s 22
38 13 r 12
13 22 r 17
53 4 r 4
25 2 r 24
22 24 g 8
49 2 r 20
41 7 s 31
39 9 r 9
13 13 r 17
5 7 r 24
39 13 r 9
35 21 r 11
22 23 g 6
5 20 r 24
38 2 r 12
48 2 r 19
40 22 s 21
12 6 r 23
15 29 g 13
18 19 s 12
39 18 r 9
52 10 s 7
17 8 s 25
13 18 r 17
8 22 r 21
36 18 r 13
42 1 s 30
15 8 s 25
40 18 s 18
51 5 r 5
22 29 g 13
41 18 r 15
15 24 g 8
44 22 s 21
35 20 r 11
37 2 r 8
33 6 s 50
32 10 s 7
9 10 s 27
50 26 g 53
12 22 r 23
34 18 r 10
42 9 r 16
48 22 r 19
4 22 s 21
36 0 s 23
42 17 s 32
44 6 s 52
33 9 s 16
12 20 r 23
33 21 s 20
23 8 s 25
43 0 r 22
21 19 s 12
52 23 g 6
42 18 r 16
5 1 r 24
7 23 g 26
27 24 g 8
0 11 s 9
15 19 s 12
21 24 g 8
52 14 s 11
7 29 g 13
17 24 g 8
0 14 s 11
7 24 g 8
47 18 r 18
34 15 s 24
36 20 r 13
17 19 s 12
35 2 r 11
33 2 s 17
25 7 r 24
